0 0 59.818 59.818
0 1 61.76 30.88
0 2 63.691 21.2303333333
0 3 66.22 16.555
0 4 68.442 13.6884
0 5 70.557 11.7595
0 6 73.007 10.4295714286
0 7 75.098 9.38725
0 8 77.861 8.65122222222
0 9 79.573 7.9573
0 10 82.184 7.47127272727
0 11 84.295 7.02458333333
0 12 86.755 6.67346153846
0 13 88.806 6.34328571429
0 14 91.256 6.08373333333
0 15 93.594 5.849625
0 16 95.515 5.61852941176
0 17 98.351 5.46394444444
0 18 100.165 5.27184210526
0 19 102.539 5.12695
0 20 104.727 4.987
0 21 107.258 4.87536363636
0 22 109.141 4.74526086957
0 23 111.742 4.65591666667
0 24 114.03 4.5612
0 25 116.212 4.46969230769
0 26 118.241 4.3792962963
0 27 120.762 4.31292857143
0 28 122.601 4.22762068966
0 29 125.157 4.1719
0 30 127.054 4.09851612903
0 31 129.47 4.0459375
0 32 132.05 4.00151515152
0 33 134.23 3.94794117647
0 34 136.583 3.90237142857
0 35 138.681 3.85225
0 36 140.868 3.80724324324
0 37 143.22 3.76894736842
0 38 145.691 3.73566666667
0 39 148.288 3.7072
0 40 149.977 3.65797560976
0 41 152.286 3.62585714286
0 42 154.329 3.58904651163
0 43 156.894 3.56577272727
0 44 159.33 3.54066666667
0 45 161.225 3.50489130435
0 46 163.758 3.48421276596
0 47 165.999 3.4583125
0 48 167.874 3.426
0 49 170.029 3.40058
0 50 172.765 3.38754901961
0 51 174.589 3.35748076923
0 52 177.191 3.34322641509
0 53 179.583 3.32561111111
0 54 181.444 3.29898181818
0 55 183.336 3.27385714286
0 56 186.203 3.26671929825
0 57 188.533 3.25056896552
0 58 190.665 3.23161016949
0 59 193.048 3.21746666667
0 60 195.685 3.20795081967
0 61 197.63 3.18758064516
0 62 200.32 3.17968253968
0 63 202.028 3.1566875
0 64 204.263 3.14250769231
0 65 206.67 3.13136363636
0 66 208.564 3.11289552239
0 67 210.925 3.10183823529
0 68 213.789 3.09839130435
0 69 215.498 3.07854285714
0 70 217.66 3.06563380282
0 71 220.607 3.06398611111
0 72 222.184 3.04361643836
0 73 224.962 3.04002702703
0 74 226.416 3.01888
0 75 229.032 3.01357894737
0 76 231.124 3.00161038961
0 77 233.954 2.99941025641
0 78 236.113 2.9887721519
0 79 238.594 2.982425
0 80 240.755 2.97228395062
0 81 242.957 2.9628902439
0 82 245.341 2.95591566265
0 83 247.848 2.95057142857
0 84 249.463 2.93485882353
0 85 252.422 2.93513953488
0 86 254.394 2.92406896552
0 87 256.179 2.911125
0 88 258.071 2.8996741573
0 89 260.704 2.89671111111
0 90 263.175 2.89203296703
0 91 265.813 2.88927173913
0 92 267.699 2.87848387097
0 93 269.928 2.87157446809
0 94 272.198 2.86524210526
0 95 274.685 2.86130208333
0 96 276.662 2.85218556701
0 97 278.559 2.84243877551
0 98 280.966 2.83804040404
0 99 283.226 2.83226
1 0 59.499 59.499
1 1 61.711 30.8555
1 2 63.89 21.2966666667
1 3 66.253 16.56325
1 4 68.472 13.6944
1 5 70.789 11.7981666667
1 6 73.152 10.4502857143
1 7 75.339 9.417375
1 8 77.435 8.60388888889
1 9 79.942 7.9942
1 10 82.105 7.46409090909
1 11 84.1 7.00833333333
1 12 86.715 6.67038461538
1 13 89.131 6.3665
1 14 91.229 6.08193333333
1 15 93.68 5.855
1 16 95.782 5.63423529412
1 17 97.852 5.43622222222
1 18 100.3 5.27894736842
1 19 102.723 5.13615
1 20 104.776 4.98933333333
1 21 107.081 4.86731818182
1 22 109.387 4.75595652174
1 23 111.384 4.641
1 24 114.013 4.56052
1 25 116.115 4.46596153846
1 26 118.466 4.38762962963
1 27 120.666 4.3095
1 28 122.886 4.23744827586
1 29 125.122 4.17073333333
1 30 127.577 4.11538709677
1 31 129.5 4.046875
1 32 131.901 3.997
1 33 134.178 3.94641176471
1 34 136.113 3.88894285714
1 35 138.638 3.85105555556
1 36 140.848 3.8067027027
1 37 143.226 3.76910526316
1 38 145.78 3.73794871795
1 39 147.811 3.695275
1 40 149.962 3.6576097561
1 41 152.537 3.63183333333
1 42 154.528 3.5936744186
1 43 156.613 3.55938636364
1 44 158.94 3.532
1 45 161.255 3.50554347826
1 46 163.734 3.48370212766
1 47 165.788 3.45391666667
1 48 167.839 3.42528571428
1 49 170.705 3.4141
1 50 172.57 3.3837254902
1 51 174.624 3.35815384615
1 52 177.354 3.34630188679
1 53 179.548 3.32496296296
1 54 181.573 3.30132727273
1 55 183.643 3.27933928571
1 56 186.4 3.2701754386
1 57 188.721 3.25381034483
1 58 190.573 3.23005084746
1 59 192.929 3.21548333333
1 60 195.296 3.20157377049
1 61 197.714 3.18893548387
1 62 199.69 3.16968253968
1 63 201.79 3.15296875
1 64 203.676 3.13347692308
1 65 206.404 3.12733333333
1 66 209.971 3.13389552239
1 67 211.174 3.1055
1 68 213.51 3.09434782609
1 69 215.346 3.07637142857
1 70 218.26 3.07408450704
1 71 220.26 3.05916666667
1 72 222.586 3.04912328767
1 73 224.598 3.03510810811
1 74 226.922 3.02562666667
1 75 229.314 3.01728947368
1 76 231.189 3.00245454545
1 77 233.759 2.99691025641
1 78 236.573 2.99459493671
1 79 238.035 2.9754375
1 80 240.359 2.96739506173
1 81 242.6 2.95853658537
1 82 244.565 2.94656626506
1 83 247.318 2.94426190476
1 84 249.861 2.93954117647
1 85 251.557 2.92508139535
1 86 253.863 2.91796551724
1 87 256.646 2.91643181818
1 88 258.581 2.90540449438
1 89 260.878 2.89864444444
1 90 263.179 2.89207692308
1 91 265.522 2.88610869565
1 92 267.666 2.87812903226
1 93 269.251 2.86437234043
1 94 271.888 2.86197894737
1 95 274.524 2.859625
1 96 277.033 2.85601030928
1 97 278.757 2.84445918367
1 98 280.536 2.8336969697
1 99 283.304 2.83304
2 0 59.354 59.354
2 1 61.509 30.7545
2 2 63.878 21.2926666667
2 3 66.345 16.58625
2 4 68.654 13.7308
2 5 70.901 11.8168333333
2 6 73.028 10.4325714286
2 7 75.303 9.412875
2 8 77.382 8.598
2 9 79.735 7.9735
2 10 81.888 7.44436363637
2 11 84.647 7.05391666667
2 12 86.76 6.67384615384
2 13 88.999 6.35707142857
2 14 91.264 6.08426666667
2 15 94.032 5.877
2 16 95.748 5.63223529412
2 17 98.156 5.45311111111
2 18 100.298 5.27884210526
2 19 102.548 5.1274
2 20 104.779 4.98947619048
2 21 107.159 4.87086363636
2 22 109.409 4.75691304348
2 23 111.791 4.65795833333
2 24 114.102 4.56408
2 25 115.909 4.45803846154
2 26 118.122 4.37488888889
2 27 120.905 4.31803571429
2 28 122.95 4.23965517241
2 29 125.117 4.17056666667
2 30 127.356 4.10825806451
2 31 129.862 4.0581875
2 32 131.996 3.99987878788
2 33 133.989 3.94085294118
2 34 136.398 3.89708571429
2 35 138.515 3.84763888889
2 36 141.044 3.812
2 37 143.261 3.77002631579
2 38 145.622 3.7338974359
2 39 147.706 3.69265
2 40 149.53 3.64707317073
2 41 152.295 3.62607142857
2 42 154.451 3.59188372093
2 43 156.69 3.56113636364
2 44 158.806 3.52902222222
2 45 161.544 3.51182608696
2 46 163.483 3.47836170213
2 47 165.752 3.45316666667
2 48 168.332 3.43534693878
2 49 170.308 3.40616
2 50 172.267 3.37778431372
2 51 174.768 3.36092307692
2 52 177.118 3.3418490566
2 53 179.67 3.32722222222
2 54 181.722 3.30403636363
2 55 183.904 3.284
2 56 186.31 3.26859649123
2 57 188.441 3.24898275862
2 58 190.402 3.22715254237
2 59 192.925 3.21541666667
2 60 195.143 3.19906557377
2 61 197.509 3.18562903226
2 62 199.544 3.16736507937
2 63 202.296 3.160875
2 64 204.428 3.14504615385
2 65 206.547 3.1295
2 66 208.636 3.11397014925
2 67 210.664 3.098
2 68 213.372 3.09234782609
2 69 215.398 3.07711428571
2 70 217.632 3.06523943662
2 71 219.995 3.05548611111
2 72 222.045 3.04171232877
2 73 224.786 3.03764864865
2 74 227.014 3.02685333333
2 75 229.329 3.01748684211
2 76 231.65 3.00844155844
2 77 233.813 2.9976025641
2 78 236.066 2.98817721519
2 79 238.689 2.9836125
2 80 240.308 2.9667654321
2 81 242.749 2.96035365854
2 82 245.029 2.95215662651
2 83 247.089 2.94153571429
2 84 249.217 2.93196470588
2 85 251.643 2.92608139535
2 86 254.318 2.9231954023
2 87 256.126 2.91052272727
2 88 259.681 2.91776404494
2 89 260.556 2.89506666667
2 90 263.17 2.89197802198
2 91 265.278 2.88345652174
2 92 267.724 2.87875268817
2 93 269.875 2.8710106383
2 94 271.764 2.86067368421
2 95 274.297 2.85726041667
2 96 276.534 2.85086597938
2 97 279.039 2.84733673469
2 98 281.398 2.8424040404
2 99 283.457 2.83457
3 0 59.379 59.379
3 1 61.6699999999 30.835
3 2 63.809 21.2696666667
3 3 66.1660000001 16.5415
3 4 68.5990000001 13.7198
3 5 70.647 11.7745
3 6 73.308 10.4725714286
3 7 75.305 9.41312499999
3 8 77.41 8.60111111111
3 9 79.654 7.9654
3 10 82.1500000001 7.46818181819
3 11 84.337 7.02808333333
3 12 86.798 6.67676923077
3 13 89.064 6.36171428571
3 14 91.286 6.08573333333
3 15 93.438 5.839875
3 16 95.7430000001 5.63194117648
3 17 98.125 5.45138888889
3 18 100.216 5.27452631579
3 19 102.526 5.1263
3 20 105.757 5.03604761904
3 21 106.874 4.85790909091
3 22 109.349 4.75430434783
3 23 111.692 4.65383333333
3 24 113.908 4.55632
3 25 116.2 4.46923076923
3 26 118.445 4.38685185185
3 27 120.652 4.309
3 28 122.8 4.23448275862
3 29 125.038 4.16793333333
3 30 127.579 4.1154516129
3 31 129.79 4.0559375
3 32 132.197 4.00596969697
3 33 134.347 3.95138235294
3 34 136.551 3.90145714286
3 35 138.31 3.84194444445
3 36 141.193 3.81602702703
3 37 143.162 3.76742105263
3 38 145.409 3.72843589744
3 39 147.933 3.698325
3 40 149.88 3.6556097561
3 41 152.244 3.62485714286
3 42 154.702 3.59772093023
3 43 156.68 3.56090909091
3 44 158.752 3.52782222222
3 45 160.903 3.49789130435
3 46 163.51 3.47893617021
3 47 166.264 3.46383333333
3 48 168.68 3.44244897959
3 49 170.671 3.41342
3 50 172.471 3.38178431373
3 51 175.048 3.36630769231
3 52 177.26 3.34452830189
3 53 179.398 3.32218518519
3 54 181.374 3.29770909091
3 55 183.82 3.2825
3 56 185.862 3.26073684211
3 57 188.372 3.24779310345
3 58 190.538 3.22945762712
3 59 192.889 3.21481666667
3 60 195.435 3.20385245902
3 61 197.552 3.18632258064
3 62 200.104 3.17625396825
3 63 202.043 3.156921875
3 64 204.551 3.14693846154
3 65 206.989 3.1361969697
3 66 208.761 3.1158358209
3 67 210.893 3.10136764706
3 68 213.476 3.09385507246
3 69 215.471 3.07815714286
3 70 217.99 3.07028169014
3 71 219.888 3.054
3 72 222.519 3.04820547945
3 73 224.743 3.03706756757
3 74 226.93 3.02573333333
3 75 229.418 3.01865789474
3 76 231.351 3.00455844156
3 77 234.588 3.00753846154
3 78 236.178 2.98959493671
3 79 238.39 2.979875
3 80 240.501 2.96914814815
3 81 242.635 2.95896341463
3 82 245.121 2.95326506024
3 83 247.316 2.94423809524
3 84 250.04 2.94164705882
3 85 252.465 2.93563953488
3 86 254.161 2.9213908046
3 87 256.555 2.91539772727
3 88 258.323 2.90250561798
3 89 260.914 2.89904444445
3 90 263.104 2.89125274725
3 91 265.576 2.88669565217
3 92 267.521 2.87656989247
3 93 269.467 2.86667021277
3 94 272.324 2.86656842105
3 95 274.295 2.85723958333
3 96 276.168 2.8470927835
3 97 280.028 2.85742857143
3 98 281.25 2.84090909091
3 99 283.638 2.83638
4 0 59.26 59.26
4 1 61.607 30.8035
4 2 63.771 21.257
4 3 66.151 16.53775
4 4 68.391 13.6782
4 5 70.723 11.7871666667
4 6 73.156 10.4508571429
4 7 75.362 9.42025000001
4 8 77.588 8.62088888889
4 9 79.598 7.9598
4 10 82.132 7.46654545455
4 11 84.246 7.0205
4 12 86.7659999999 6.6743076923
4 13 88.925 6.35178571429
4 14 91.3429999999 6.08953333333
4 15 93.4669999999 5.84168749999
4 16 95.758 5.63282352941
4 17 97.84 5.43555555556
4 18 100.371 5.28268421053
4 19 102.438 5.1219
4 20 104.605 4.98119047619
4 21 107.069 4.86677272727
4 22 109.236 4.74939130435
4 23 111.848 4.66033333333
4 24 114.443 4.57772
4 25 116.084 4.46476923077
4 26 118.354 4.38348148148
4 27 120.845 4.31589285714
4 28 122.742 4.23248275862
4 29 124.911 4.1637
4 30 127.375 4.10887096774
4 31 129.356 4.042375
4 32 132.136 4.00412121212
4 33 133.926 3.939
4 34 136.682 3.9052
4 35 138.567 3.84908333333
4 36 141.12 3.81405405405
4 37 143.09 3.76552631579
4 38 145.539 3.73176923077
4 39 147.501 3.687525
4 40 150.169 3.66265853659
4 41 152.391 3.62835714286
4 42 155.208 3.60948837209
4 43 156.697 3.56129545455
4 44 158.861 3.53024444444
4 45 161.174 3.5037826087
4 46 163.532 3.47940425532
4 47 165.692 3.45191666667
4 48 168.464 3.43804081633
4 49 170.249 3.40498
4 50 172.493 3.38221568628
4 51 175.023 3.36582692308
4 52 177.046 3.34049056604
4 53 179.312 3.32059259259
4 54 182.026 3.30956363636
4 55 183.949 3.28480357143
4 56 186.535 3.27254385965
4 57 188.126 3.24355172414
4 58 190.681 3.23188135593
4 59 192.653 3.21088333333
4 60 195.21 3.20016393443
4 61 197.205 3.18072580645
4 62 199.785 3.17119047619
4 63 201.812 3.1533125
4 64 204.254 3.14236923077
4 65 206.607 3.13040909091
4 66 209.061 3.12031343284
4 67 211.303 3.10739705882
4 68 213.529 3.09462318841
4 69 215.724 3.08177142857
4 70 217.184 3.05892957747
4 71 220.148 3.05761111111
4 72 222.624 3.04964383562
4 73 224.902 3.03921621622
4 74 226.839 3.02452
4 75 228.69 3.00907894737
4 76 231.449 3.00583116883
4 77 234.052 3.00066666667
4 78 235.999 2.98732911392
4 79 238.216 2.9777
4 80 241.069 2.97616049383
4 81 242.281 2.95464634146
4 82 245.277 2.95514457832
4 83 248.554 2.95897619048
4 84 249.485 2.93511764706
4 85 251.753 2.92736046512
4 86 253.84 2.91770114942
4 87 256.572 2.91559090909
4 88 258.571 2.90529213483
4 89 260.848 2.89831111111
4 90 263.254 2.8929010989
4 91 264.773 2.87796739131
4 92 267.53 2.87666666667
4 93 269.542 2.86746808511
4 94 272.645 2.86994736842
4 95 274.66 2.86104166667
4 96 276.629 2.85184536082
4 97 279.263 2.84962244898
4 98 281.596 2.8444040404
4 99 282.841 2.82841
5 0 59.3000000001 59.3000000001
5 1 61.694 30.847
5 2 63.9860000001 21.3286666667
5 3 66.0929999999 16.52325
5 4 68.3900000001 13.678
5 5 70.7850000001 11.7975
5 6 73.2210000001 10.4601428572
5 7 75.1279999999 9.39099999999
5 8 77.3159999999 8.59066666665
5 9 79.6320000002 7.96320000002
5 10 82.0999999999 7.46363636362
5 11 84.4970000001 7.04141666667
5 12 86.562 6.65861538461
5 13 88.8829999999 6.34878571428
5 14 91.187 6.07913333333
5 15 93.58 5.84875
5 16 95.8390000001 5.6375882353
5 17 99.0810000001 5.5045
5 18 100.455 5.28710526315
5 19 102.244 5.11220000001
5 20 105.089 5.00423809523
5 21 107.15 4.87045454546
5 22 109.434 4.758
5 23 111.946 4.66441666667
5 24 113.999 4.55996
5 25 116.1 4.46538461538
5 26 118.494 4.38866666666
5 27 120.807 4.31453571429
5 28 122.897 4.23782758621
5 29 125.321 4.17736666667
5 30 127.317 4.107
5 31 129.29 4.0403125
5 32 131.734 3.99193939394
5 33 134.074 3.94335294117
5 34 136.66 3.90457142857
5 35 138.526 3.84794444444
5 36 140.9 3.8081081081
5 37 143.214 3.76878947368
5 38 145.671 3.73515384615
5 39 147.573 3.689325
5 40 149.79 3.65341463415
5 41 152.35 3.62738095238
5 42 154.596 3.59525581395
5 43 156.78 3.56318181818
5 44 159.038 3.53417777778
5 45 161.3 3.50652173913
5 46 163.461 3.47789361702
5 47 165.604 3.45008333333
5 48 168.247 3.4336122449
5 49 170.484 3.40968
5 50 172.661 3.38550980392
5 51 174.919 3.36382692307
5 52 177.347 3.34616981132
5 53 179.525 3.32453703704
5 54 181.554 3.30098181818
5 55 183.644 3.27935714286
5 56 186.265 3.26780701754
5 57 188.588 3.25151724138
5 58 191.143 3.23971186441
5 59 192.951 3.21585
5 60 195.332 3.20216393443
5 61 197.828 3.19077419355
5 62 199.91 3.17317460318
5 63 202.016 3.1565
5 64 204.237 3.14210769231
5 65 206.522 3.12912121212
5 66 208.838 3.11698507463
5 67 211.292 3.10723529412
5 68 214.044 3.10208695652
5 69 215.787 3.08267142857
5 70 217.75 3.06690140845
5 71 219.766 3.05230555555
5 72 222.416 3.04679452055
5 73 224.149 3.02904054054
5 74 227.019 3.02692
5 75 229.223 3.01609210526
5 76 231.678 3.0088051948
5 77 233.907 2.99880769231
5 78 236.025 2.98765822785
5 79 238.712 2.9839
5 80 240.52 2.96938271605
5 81 242.8 2.96097560976
5 82 245.116 2.95320481928
5 83 247.434 2.94564285714
5 84 249.619 2.93669411765
5 85 251.996 2.93018604651
5 86 254.677 2.92732183908
5 87 257.207 2.92280681818
5 88 258.694 2.9066741573
5 89 260.72 2.89688888889
5 90 263.466 2.89523076923
5 91 265.231 2.88294565217
5 92 267.892 2.88055913978
5 93 269.988 2.87221276596
5 94 272.137 2.8646
5 95 274.519 2.85957291667
5 96 276.706 2.85263917526
5 97 279.092 2.84787755102
5 98 281.296 2.84137373737
5 99 283.943 2.83943
6 0 59.2180000001 59.2180000001
6 1 61.5930000001 30.7965000001
6 2 63.8999999999 21.3
6 3 66.188 16.547
6 4 68.4940000001 13.6988
6 5 70.8480000001 11.808
6 6 73.249 10.4641428571
6 7 75.0929999999 9.38662499999
6 8 77.4470000001 8.60522222224
6 9 79.604 7.9604
6 10 82.0189999999 7.45627272727
6 11 84.4079999999 7.03399999999
6 12 86.783 6.67561538461
6 13 88.9119999999 6.35085714285
6 14 91.328 6.08853333333
6 15 93.58 5.84875
6 16 95.487 5.61688235294
6 17 98.0650000001 5.44805555556
6 18 100.683 5.29910526315
6 19 102.509 5.12545
6 20 104.826 4.99171428571
6 21 107.054 4.86609090909
6 22 109.073 4.74230434783
6 23 111.536 4.64733333333
6 24 114.023 4.56091999999
6 25 116.142 4.46699999999
6 26 118.502 4.38896296296
6 27 120.582 4.3065
6 28 122.877 4.23713793104
6 29 124.917 4.1639
6 30 127.495 4.11274193548
6 31 129.462 4.0456875
6 32 131.977 3.9993030303
6 33 134.005 3.94132352942
6 34 136.343 3.89551428572
6 35 138.633 3.85091666667
6 36 140.803 3.80548648649
6 37 143.365 3.77276315789
6 38 145.523 3.73135897436
6 39 147.434 3.68585
6 40 150.113 3.66129268292
6 41 152.28 3.62571428571
6 42 154.447 3.59179069767
6 43 156.888 3.56563636364
6 44 158.981 3.53291111111
6 45 161.021 3.50045652174
6 46 163.776 3.48459574468
6 47 165.917 3.45660416667
6 48 168.144 3.43151020409
6 49 170.608 3.41216
6 50 172.719 3.38664705882
6 51 175.146 3.36819230769
6 52 177.344 3.34611320755
6 53 179.363 3.32153703704
6 54 181.5 3.3
6 55 183.967 3.285125
6 56 186.228 3.26715789474
6 57 188.732 3.254
6 58 190.872 3.23511864407
6 59 192.493 3.20821666667
6 60 195.226 3.20042622951
6 61 197.754 3.18958064516
6 62 200.03 3.17507936508
6 63 201.81 3.15328125
6 64 204.358 3.14396923077
6 65 206.618 3.13057575757
6 66 208.695 3.11485074627
6 67 210.765 3.09948529411
6 68 213.492 3.09408695652
6 69 216.062 3.0866
6 70 217.49 3.06323943662
6 71 219.926 3.05452777778
6 72 222.288 3.04504109589
6 73 224.621 3.03541891892
6 74 226.953 3.02604
6 75 229.234 3.0162368421
6 76 231.458 3.00594805195
6 77 234.19 3.00243589744
6 78 236.001 2.98735443038
6 79 237.894 2.973675
6 80 240.08 2.96395061728
6 81 242.898 2.96217073171
6 82 245.03 2.9521686747
6 83 247.298 2.94402380952
6 84 249.424 2.9344
6 85 251.445 2.92377906977
6 86 253.948 2.91894252873
6 87 256.318 2.91270454545
6 88 258.729 2.90706741573
6 89 260.527 2.89474444445
6 90 263.766 2.89852747253
6 91 265.573 2.88666304348
6 92 267.451 2.8758172043
6 93 269.51 2.86712765957
6 94 272.153 2.86476842105
6 95 274.405 2.85838541667
6 96 277.064 2.85632989691
6 97 278.959 2.84652040816
6 98 281.275 2.84116161616
6 99 282.961 2.82961
7 0 59.242 59.242
7 1 61.4600000001 30.7300000001
7 2 63.807 21.269
7 3 66.016 16.504
7 4 68.544 13.7088
7 5 70.7169999998 11.7861666666
7 6 73.05 10.4357142857
7 7 75.3559999998 9.41949999998
7 8 77.5600000002 8.6177777778
7 9 79.7130000001 7.97130000001
7 10 82.2230000001 7.47481818183
7 11 84.3589999999 7.02991666666
7 12 86.753 6.67330769231
7 13 88.8890000001 6.34921428572
7 14 91.177 6.07846666667
7 15 93.599 5.8499375
7 16 95.881 5.64005882353
7 17 98.054 5.44744444445
7 18 100.222 5.27484210526
7 19 102.455 5.12275
7 20 104.909 4.99566666666
7 21 107.069 4.86677272727
7 22 109.283 4.75143478261
7 23 111.584 4.64933333333
7 24 113.721 4.54884
7 25 115.9 4.45769230769
7 26 118.21 4.37814814814
7 27 120.979 4.32067857143
7 28 123.001 4.24141379311
7 29 125.102 4.17006666667
7 30 127.401 4.10970967742
7 31 129.373 4.04290625
7 32 132.092 4.00278787879
7 33 134.25 3.94852941176
7 34 136.472 3.8992
7 35 138.605 3.85013888889
7 36 141.188 3.81589189189
7 37 143.179 3.76786842105
7 38 145.727 3.73658974359
7 39 147.775 3.694375
7 40 150.009 3.65875609757
7 41 152.195 3.62369047619
7 42 154.889 3.60206976744
7 43 156.64 3.56
7 44 159.131 3.53624444445
7 45 161.268 3.50582608695
7 46 163.636 3.48161702128
7 47 165.555 3.4490625
7 48 168.232 3.43330612245
7 49 170.682 3.41364
7 50 172.516 3.38266666666
7 51 175.044 3.36623076923
7 52 177.554 3.3500754717
7 53 179.46 3.32333333333
7 54 182.091 3.31074545454
7 55 183.882 3.28360714286
7 56 186.127 3.26538596491
7 57 188.476 3.24958620689
7 58 191.083 3.23869491525
7 59 192.864 3.2144
7 60 195.229 3.20047540984
7 61 197.753 3.18956451613
7 62 199.81 3.17158730159
7 63 202.087 3.157609375
7 64 204.144 3.14067692307
7 65 206.728 3.13224242424
7 66 209.245 3.12305970149
7 67 211.252 3.10664705882
7 68 213.588 3.09547826087
7 69 215.495 3.0785
7 70 217.614 3.06498591549
7 71 220.919 3.06831944444
7 72 222.498 3.04791780822
7 73 224.668 3.03605405405
7 74 226.595 3.02126666667
7 75 229.055 3.01388157895
7 76 231.546 3.00709090909
7 77 233.773 2.99708974359
7 78 235.856 2.98551898734
7 79 238.572 2.98215
7 80 240.126 2.96451851852
7 81 242.474 2.957
7 82 245.364 2.95619277109
7 83 247.017 2.94067857143
7 84 249.401 2.93412941177
7 85 251.814 2.92806976744
7 86 254.06 2.92022988506
7 87 256.742 2.91752272727
7 88 258.829 2.90819101123
7 89 261.227 2.90252222222
7 90 263.414 2.89465934066
7 91 265.906 2.89028260869
7 92 267.717 2.87867741935
7 93 270.396 2.87655319149
7 94 272.744 2.87098947368
7 95 274.049 2.85467708333
7 96 277.114 2.85684536082
7 97 278.774 2.84463265306
7 98 281.413 2.84255555556
7 99 283.573 2.83573
8 0 59.2689999999 59.2689999999
8 1 61.4889999999 30.7445
8 2 63.7260000001 21.242
8 3 66.1990000001 16.54975
8 4 68.4199999998 13.684
8 5 70.954 11.8256666667
8 6 73.1040000001 10.4434285714
8 7 75.108 9.3885
8 8 77.26 8.58444444445
8 9 79.9259999999 7.99259999999
8 10 82.001 7.45463636364
8 11 84.2870000001 7.02391666668
8 12 86.5020000001 6.65400000001
8 13 88.9560000001 6.354
8 14 91.2980000001 6.08653333334
8 15 93.5050000001 5.8440625
8 16 95.9760000001 5.64564705883
8 17 98.0949999998 5.44972222221
8 18 100.491 5.28900000001
8 19 102.44 5.12200000001
8 20 104.678 4.98466666667
8 21 107.128 4.86945454546
8 22 109.038 4.7407826087
8 23 111.496 4.64566666667
8 24 113.719 4.54876
8 25 116.253 4.47126923077
8 26 118.455 4.38722222222
8 27 120.825 4.31517857143
8 28 123.1 4.24482758621
8 29 125.498 4.18326666667
8 30 127.099 4.09996774193
8 31 129.303 4.04071875
8 32 131.858 3.9956969697
8 33 133.969 3.94026470588
8 34 136.488 3.89965714285
8 35 138.853 3.85702777778
8 36 140.914 3.80848648649
8 37 143.359 3.77260526316
8 38 145.04 3.71897435897
8 39 147.877 3.696925
8 40 150.005 3.65865853658
8 41 151.991 3.61883333334
8 42 154.504 3.59311627907
8 43 156.854 3.56486363636
8 44 159.027 3.53393333333
8 45 161.432 3.50939130435
8 46 163.65 3.48191489362
8 47 165.523 3.44839583333
8 48 168.188 3.43240816327
8 49 170.289 3.40578
8 50 173.25 3.39705882353
8 51 174.555 3.35682692308
8 52 177.287 3.34503773585
8 53 179.58 3.32555555556
8 54 181.992 3.30894545455
8 55 184.108 3.28764285714
8 56 186.315 3.26868421052
8 57 188.647 3.25253448276
8 58 190.665 3.23161016949
8 59 192.684 3.2114
8 60 195.014 3.19695081967
8 61 197.403 3.18391935484
8 62 199.699 3.16982539683
8 63 201.889 3.154515625
8 64 204.427 3.14503076923
8 65 206.243 3.1248939394
8 66 208.547 3.11264179105
8 67 210.983 3.10269117647
8 68 213.228 3.09026086956
8 69 215.431 3.07758571429
8 70 217.691 3.06607042253
8 71 220.063 3.05643055556
8 72 223.09 3.05602739726
8 73 224.701 3.0365
8 74 226.626 3.02168
8 75 229.29 3.01697368421
8 76 231.445 3.00577922078
8 77 233.911 2.99885897436
8 78 236.129 2.98897468354
8 79 238.475 2.9809375
8 80 240.475 2.96882716049
8 81 243.174 2.96553658537
8 82 245.242 2.95472289157
8 83 247.405 2.94529761905
8 84 249.898 2.93997647059
8 85 252.066 2.931
8 86 254.423 2.92440229885
8 87 256.199 2.91135227273
8 88 258.572 2.90530337079
8 89 260.998 2.89997777778
8 90 262.829 2.88823076923
8 91 265.79 2.88902173913
8 92 267.89 2.88053763441
8 93 270.012 2.87246808511
8 94 271.87 2.86178947368
8 95 274.66 2.86104166667
8 96 277.223 2.85796907217
8 97 278.863 2.84554081633
8 98 280.925 2.83762626263
8 99 283.415 2.83415
9 0 59.2540000002 59.2540000002
9 1 61.5930000004 30.7965000002
9 2 63.7030000003 21.2343333334
9 3 65.9390000001 16.48475
9 4 68.5469999999 13.7094
9 5 70.7479999996 11.7913333333
9 6 73.1410000003 10.4487142858
9 7 75.1989999999 9.39987499999
9 8 77.6340000002 8.62600000002
9 9 79.7830000001 7.97830000001
9 10 82.1989999999 7.47263636363
9 11 84.237 7.01975
9 12 86.9129999996 6.68561538459
9 13 88.702 6.33585714286
9 14 91.2870000002 6.08580000001
9 15 93.3679999998 5.83549999999
9 16 95.992 5.6465882353
9 17 98.2909999998 5.4606111111
9 18 100.201 5.27373684212
9 19 102.506 5.12530000001
9 20 104.694 4.98542857143
9 21 107.012 4.86418181818
9 22 109.305 4.75239130435
9 23 111.801 4.658375
9 24 113.806 4.55223999999
9 25 116.022 4.46238461537
9 26 118.042 4.37192592593
9 27 120.83 4.31535714285
9 28 122.977 4.2405862069
9 29 125.249 4.17496666666
9 30 127.479 4.11222580644
9 31 129.449 4.04528124999
9 32 131.853 3.99554545454
9 33 134.05 3.94264705881
9 34 136.586 3.90245714286
9 35 138.809 3.85580555556
9 36 140.99 3.81054054055
9 37 143.492 3.77610526316
9 38 145.413 3.72853846153
9 39 147.574 3.68935
9 40 150.414 3.66863414635
9 41 152.177 3.62326190476
9 42 154.379 3.59020930233
9 43 156.995 3.56806818181
9 44 158.805 3.529
9 45 161.593 3.51289130434
9 46 163.04 3.46893617021
9 47 165.575 3.44947916667
9 48 167.988 3.42832653062
9 49 170.2 3.404
9 50 172.224 3.37694117647
9 51 174.83 3.36211538461
9 52 177.02 3.33999999999
9 53 179.648 3.32681481481
9 54 181.906 3.30738181818
9 55 183.797 3.28208928572
9 56 186.027 3.26363157895
9 57 188.221 3.24518965518
9 58 190.742 3.23291525424
9 59 192.811 3.21351666666
9 60 195.003 3.1967704918
9 61 197.509 3.18562903226
9 62 199.761 3.17080952381
9 63 201.979 3.155921875
9 64 204.143 3.14066153846
9 65 206.777 3.13298484848
9 66 208.844 3.11707462687
9 67 210.925 3.10183823529
9 68 213.131 3.08885507246
9 69 215.844 3.08348571428
9 70 217.903 3.06905633802
9 71 219.936 3.05466666667
9 72 222.474 3.0475890411
9 73 224.774 3.03748648649
9 74 226.877 3.02502666667
9 75 229.303 3.01714473684
9 76 231.387 3.00502597402
9 77 233.647 2.99547435897
9 78 236.116 2.98881012658
9 79 238.299 2.9787375
9 80 240.282 2.96644444444
9 81 242.804 2.96102439024
9 82 245.46 2.95734939759
9 83 247.084 2.94147619048
9 84 249.799 2.93881176471
9 85 251.493 2.9243372093
9 86 254.524 2.92556321839
9 87 256.556 2.91540909091
9 88 258.874 2.90869662921
9 89 260.895 2.89883333333
9 90 263.307 2.89348351648
9 91 265.663 2.88764130435
9 92 267.477 2.87609677419
9 93 269.962 2.87193617021
9 94 272.122 2.86444210526
9 95 274.738 2.86185416667
9 96 276.684 2.85241237113
9 97 278.964 2.84657142857
9 98 281.383 2.84225252525
9 99 283.704 2.83704
