0 0 42.605 42.605
0 1 85.482 42.741
0 2 128.707 42.9023333333
0 3 170.274 42.5685
0 4 213.535 42.707
0 5 255.543 42.5905
0 6 299.414 42.7734285714
0 7 341.528 42.691
0 8 387.209 43.0232222222
0 9 427.645 42.7645
0 10 470.707 42.7915454545
0 11 512.114 42.6761666667
0 12 555.603 42.7386923077
0 13 598.92 42.78
0 14 640.572 42.7048
0 15 684.373 42.7733125
0 16 727.707 42.8062941176
0 17 769.288 42.7382222222
0 18 813.176 42.7987368421
0 19 853.544 42.6772
0 20 896.72 42.700952381
0 21 940.029 42.7285909091
0 22 981.441 42.6713478261
0 23 1025.686 42.7369166667
0 24 1066.837 42.67348
0 25 1111.903 42.7655
0 26 1152.422 42.6822962963
0 27 1195.273 42.6883214286
0 28 1238.829 42.7182413793
0 29 1282.206 42.7402
0 30 1325.882 42.7703870968
0 31 1366.581 42.70565625
0 32 1409.356 42.7077575758
0 33 1452.612 42.7238823529
0 34 1493.796 42.6798857143
0 35 1538.455 42.7348611111
0 36 1579.704 42.6947027027
0 37 1621.459 42.6699736842
0 38 1665.481 42.7046410256
0 39 1707.681 42.692025
0 40 1750.303 42.6903170732
0 41 1793.31 42.6978571429
0 42 1835.863 42.6944883721
0 43 1878.844 42.701
0 44 1923.552 42.7456
0 45 1964.787 42.7127608696
0 46 2007.096 42.7041702128
0 47 2050.595 42.7207291667
0 48 2091.667 42.6870816327
0 49 2135.089 42.70178
0 50 2177.251 42.6911960784
0 51 2221.194 42.7152692308
0 52 2266.485 42.7638679245
0 53 2307.811 42.7372407407
0 54 2352.102 42.7654909091
0 55 2391.77 42.7101785714
0 56 2437.538 42.7638245614
0 57 2478.04 42.7248275862
0 58 2520.139 42.714220339
0 59 2568.443 42.8073833333
0 60 2608.479 42.7619508197
0 61 2650.604 42.7516774194
0 62 2690.684 42.7092698413
0 63 2733.198 42.70621875
0 64 2778.683 42.7489692308
0 65 2817.573 42.6905
0 66 2861.263 42.7054179104
0 67 2905.768 42.7318823529
0 68 2947.806 42.721826087
0 69 2991.331 42.7333
0 70 3037.245 42.7780985915
0 71 3075.857 42.7202361111
0 72 3122.332 42.7716712329
0 73 3166.847 42.7952297297
0 74 3202.434 42.69912
0 75 3246.954 42.7230789474
0 76 3290.922 42.7392467532
0 77 3334.831 42.7542435897
0 78 3375.348 42.7259240506
0 79 3423.415 42.7926875
0 80 3463.646 42.7610617284
0 81 3506.591 42.763304878
0 82 3552.753 42.804253012
0 83 3596.616 42.8168571429
0 84 3636.384 42.7809882353
0 85 3678.398 42.7720697674
0 86 3720.036 42.7590344828
0 87 3764.187 42.7748522727
0 88 3810.746 42.8173707865
0 89 3850.599 42.7844333333
0 90 3895.384 42.8064175824
0 91 3936.837 42.7917065217
0 92 3972.764 42.7178924731
0 93 4023.388 42.802
0 94 4065.645 42.7962631579
0 95 4108.989 42.80196875
0 96 4147.901 42.7618659794
0 97 4191.662 42.7720612245
0 98 4231.827 42.7457272727
0 99 4276.995 42.76995
1 0 42.668 42.668
1 1 85.39 42.695
1 2 128.21 42.7366666667
1 3 170.953 42.73825
1 4 213.242 42.6484
1 5 256.135 42.6891666667
1 6 299.614 42.802
1 7 342.939 42.867375
1 8 384.667 42.7407777778
1 9 426.673 42.6673
1 10 470.436 42.7669090909
1 11 512.178 42.6815
1 12 555.205 42.7080769231
1 13 598.684 42.7631428571
1 14 639.79 42.6526666667
1 15 685.265 42.8290625
1 16 726.064 42.7096470588
1 17 768.89 42.7161111111
1 18 811.879 42.7304736842
1 19 855.566 42.7783
1 20 898.059 42.7647142857
1 21 939.36 42.6981818182
1 22 984.331 42.797
1 23 1024.691 42.6954583333
1 24 1068.195 42.7278
1 25 1110.46 42.71
1 26 1154.675 42.7657407407
1 27 1196.421 42.7293214286
1 28 1238.089 42.6927241379
1 29 1281.119 42.7039666667
1 30 1325.076 42.7443870968
1 31 1366.538 42.7043125
1 32 1408.47 42.6809090909
1 33 1453.285 42.7436764706
1 34 1494.028 42.6865142857
1 35 1539.298 42.7582777778
1 36 1579.889 42.6997027027
1 37 1624.744 42.7564210526
1 38 1665.971 42.7172051282
1 39 1708.9 42.7225
1 40 1749.967 42.6821219512
1 41 1796.151 42.7655
1 42 1835.393 42.6835581395
1 43 1878.245 42.6873863636
1 44 1923.776 42.7505777778
1 45 1964.341 42.7030652174
1 46 2007.579 42.7144468085
1 47 2048.588 42.6789166667
1 48 2091.829 42.6903877551
1 49 2135.257 42.70514
1 50 2177.198 42.6901568627
1 51 2224.575 42.7802884615
1 52 2265.855 42.7519811321
1 53 2312.273 42.8198703704
1 54 2349.974 42.7268
1 55 2391.43 42.7041071429
1 56 2437.046 42.7551929825
1 57 2480.165 42.7614655172
1 58 2520.714 42.7239661017
1 59 2572.655 42.8775833333
1 60 2615.794 42.8818688525
1 61 2648.409 42.7162741935
1 62 2690.74 42.7101587302
1 63 2735.497 42.742140625
1 64 2777.702 42.7338769231
1 65 2817.454 42.6886969697
1 66 2862.605 42.7254477612
1 67 2903.921 42.7047205882
1 68 2947.004 42.7102028986
1 69 2991.78 42.7397142857
1 70 3035.807 42.7578450704
1 71 3079.658 42.7730277778
1 72 3121.221 42.7564520548
1 73 3160.868 42.7144324324
1 74 3209.458 42.7927733333
1 75 3246.301 42.7144868421
1 76 3290.71 42.7364935065
1 77 3333.844 42.7415897436
1 78 3376.196 42.7366582278
1 79 3420.9 42.76125
1 80 3466.524 42.7965925926
1 81 3510.609 42.812304878
1 82 3546.319 42.7267349398
1 83 3593.106 42.7750714286
1 84 3635.509 42.7706941176
1 85 3679.574 42.785744186
1 86 3723.328 42.7968735632
1 87 3765.62 42.7911363636
1 88 3807.359 42.7793146067
1 89 3847.335 42.7481666667
1 90 3891.033 42.7586043956
1 91 3935.313 42.7751413043
1 92 3973.613 42.7270215054
1 93 4024.006 42.8085744681
1 94 4066.003 42.8000315789
1 95 4106.54 42.7764583333
1 96 4145.651 42.7386701031
1 97 4191.135 42.7666836735
1 98 4231.69 42.7443434343
1 99 4276.292 42.76292
2 0 42.67 42.67
2 1 85.4619999999 42.731
2 2 128.112 42.704
2 3 170.915 42.72875
2 4 213.372 42.6744
2 5 255.7 42.6166666667
2 6 299.131 42.733
2 7 341.224 42.653
2 8 384.174 42.686
2 9 427.186 42.7186
2 10 470.614 42.7830909091
2 11 513.087 42.75725
2 12 555.823 42.7556153846
2 13 597.142 42.653
2 14 640.817 42.7211333333
2 15 685.261 42.8288125
2 16 726.416 42.7303529412
2 17 768.968 42.7204444444
2 18 811.951 42.7342631579
2 19 854.088 42.7044
2 20 900.652 42.8881904762
2 21 940.637 42.7562272727
2 22 982.389 42.7125652174
2 23 1024.602 42.69175
2 24 1066.783 42.67132
2 25 1112.576 42.7913846154
2 26 1153.323 42.7156666667
2 27 1196.497 42.7320357143
2 28 1238.727 42.7147241379
2 29 1281.958 42.7319333333
2 30 1322.883 42.6736451613
2 31 1371.796 42.868625
2 32 1410.371 42.7385151515
2 33 1451.755 42.6986764706
2 34 1495.161 42.7188857143
2 35 1537.039 42.6955277778
2 36 1580.113 42.7057567568
2 37 1623.599 42.7262894737
2 38 1664.181 42.6713076923
2 39 1707.417 42.685425
2 40 1750.471 42.6944146341
2 41 1793.045 42.691547619
2 42 1834.993 42.674255814
2 43 1880.036 42.7280909091
2 44 1921.737 42.7052666667
2 45 1964.053 42.6968043478
2 46 2006.533 42.6921914894
2 47 2047.807 42.6626458333
2 48 2094.649 42.7479387755
2 49 2133.977 42.67954
2 50 2175.808 42.6629019608
2 51 2222.026 42.7312692308
2 52 2267.586 42.7846415094
2 53 2308.103 42.7426481481
2 54 2350.134 42.7297090909
2 55 2393.911 42.7484107143
2 56 2433.84 42.6989473684
2 57 2479.409 42.7484310345
2 58 2520.455 42.7195762712
2 59 2565.282 42.7547
2 60 2605.945 42.7204098361
2 61 2656.559 42.8477258065
2 62 2691.878 42.7282222222
2 63 2732.774 42.69959375
2 64 2776.365 42.7133076923
2 65 2820.764 42.7388484848
2 66 2862.183 42.7191492537
2 67 2904.642 42.7153235294
2 68 2948.395 42.7303623188
2 69 2992.764 42.7537714286
2 70 3036.193 42.7632816901
2 71 3083.355 42.824375
2 72 3121.36 42.7583561644
2 73 3161.844 42.7276216216
2 74 3209.571 42.79428
2 75 3247.734 42.7333421053
2 76 3293.307 42.7702207792
2 77 3333.398 42.7358717949
2 78 3373.265 42.699556962
2 79 3422.323 42.7790375
2 80 3463.875 42.7638888889
2 81 3505.246 42.746902439
2 82 3549.496 42.7650120482
2 83 3593.054 42.774452381
2 84 3630.488 42.7116235294
2 85 3673.584 42.7160930233
2 86 3718.594 42.7424597701
2 87 3762.632 42.7571818182
2 88 3802.064 42.7198202247
2 89 3850.439 42.7826555556
2 90 3890.328 42.7508571429
2 91 3932.195 42.74125
2 92 3974.319 42.7346129032
2 93 4021.349 42.7803085106
2 94 4063.719 42.7759894737
2 95 4103.524 42.7450416667
2 96 4147.394 42.7566391753
2 97 4192.877 42.7844591837
2 98 4236.534 42.7932727273
2 99 4278.485 42.78485
3 0 42.623 42.623
3 1 85.433 42.7165
3 2 128.046 42.682
3 3 170.434 42.6085
3 4 213.342 42.6684
3 5 255.985 42.6641666667
3 6 299.23 42.7471428571
3 7 341.516 42.6895
3 8 384.391 42.7101111111
3 9 426.845 42.6845
3 10 469.167 42.6515454546
3 11 512.653 42.7210833333
3 12 554.89 42.6838461538
3 13 597.974 42.7124285714
3 14 639.992 42.6661333333
3 15 684.621 42.7888125
3 16 725.922 42.7012941177
3 17 769.012 42.7228888889
3 18 813.292 42.8048421053
3 19 854.561 42.72805
3 20 897.274 42.7273333333
3 21 939.876 42.7216363636
3 22 981.159 42.6590869565
3 23 1024.376 42.6823333333
3 24 1067.592 42.70368
3 25 1111.94 42.7669230769
3 26 1153.021 42.7044814815
3 27 1196.399 42.7285357143
3 28 1238.387 42.703
3 29 1281.931 42.7310333333
3 30 1324.652 42.7307096774
3 31 1365.773 42.68040625
3 32 1408.981 42.6963939394
3 33 1452.328 42.7155294118
3 34 1493.95 42.6842857143
3 35 1536.772 42.6881111111
3 36 1579.786 42.6969189189
3 37 1621.981 42.6837105263
3 38 1669.703 42.8128974359
3 39 1708.218 42.70545
3 40 1749.949 42.6816829268
3 41 1792.905 42.6882142857
3 42 1836.002 42.6977209302
3 43 1879.527 42.7165227273
3 44 1921.531 42.7006888889
3 45 1966.117 42.741673913
3 46 2007.878 42.7208085106
3 47 2049.298 42.6937083333
3 48 2095.062 42.7563673469
3 49 2134.037 42.68074
3 50 2177.645 42.6989215686
3 51 2224.411 42.7771346154
3 52 2264.611 42.728509434
3 53 2308.451 42.7490925926
3 54 2349.668 42.7212363636
3 55 2392.071 42.7155535714
3 56 2433.946 42.7008070175
3 57 2480.696 42.7706206897
3 58 2522.807 42.759440678
3 59 2568.317 42.8052833333
3 60 2606.433 42.7284098361
3 61 2650.438 42.749
3 62 2694.839 42.7752222222
3 63 2734.506 42.72665625
3 64 2776.153 42.7100461538
3 65 2819.339 42.7172575758
3 66 2859.962 42.686
3 67 2907.316 42.7546470588
3 68 2946.591 42.7042173913
3 69 2991.744 42.7392
3 70 3036.723 42.7707464789
3 71 3076.127 42.7239861111
3 72 3124.929 42.8072465753
3 73 3165.527 42.7773918919
3 74 3203.769 42.71692
3 75 3246.262 42.7139736842
3 76 3295.902 42.8039220779
3 77 3335.488 42.7626666667
3 78 3378.34 42.7637974684
3 79 3420.888 42.7611
3 80 3463.5 42.7592592593
3 81 3508.35 42.7847560976
3 82 3549.905 42.769939759
3 83 3591.882 42.7605
3 84 3635.02 42.7649411765
3 85 3676.712 42.7524651163
3 86 3718.459 42.740908046
3 87 3761.638 42.7458863636
3 88 3804.97 42.7524719101
3 89 3846.837 42.7426333333
3 90 3888.972 42.735956044
3 91 3934.341 42.764576087
3 92 3976.797 42.7612580645
3 93 4023.527 42.8034787234
3 94 4066.552 42.8058105263
3 95 4108.918 42.8012291667
3 96 4146.074 42.7430309278
3 97 4190.211 42.757255102
3 98 4233.656 42.7642020202
3 99 4275.066 42.75066
4 0 42.688 42.688
4 1 85.265 42.6325
4 2 128.02 42.6733333333
4 3 170.262 42.5655
4 4 213.777 42.7554
4 5 255.93 42.655
4 6 299.376 42.768
4 7 341.451 42.681375
4 8 384.222 42.6913333333
4 9 428.022 42.8022
4 10 469.196 42.6541818182
4 11 511.955 42.6629166667
4 12 556.54 42.8107692308
4 13 597.714 42.6938571429
4 14 640.816 42.7210666667
4 15 685.24 42.8275
4 16 725.48 42.6752941177
4 17 769.043 42.7246111111
4 18 813.953 42.8396315789
4 19 855.296 42.7648
4 20 897.091 42.7186190476
4 21 940.613 42.7551363636
4 22 982.066 42.6985217391
4 23 1025.561 42.7317083333
4 24 1066.948 42.67792
4 25 1110.006 42.6925384615
4 26 1152.468 42.684
4 27 1195.72 42.7042857143
4 28 1240.578 42.7785517241
4 29 1280.879 42.6959666667
4 30 1322.814 42.6714193548
4 31 1366.569 42.70528125
4 32 1411.824 42.7825454545
4 33 1452.81 42.7297058824
4 34 1494.602 42.7029142857
4 35 1537.247 42.7013055556
4 36 1582.152 42.7608648649
4 37 1621.747 42.6775526316
4 38 1666.555 42.7321794872
4 39 1707.596 42.6899
4 40 1749.528 42.6714146341
4 41 1792.562 42.680047619
4 42 1836.209 42.7025348837
4 43 1879.017 42.7049318182
4 44 1921.958 42.7101777778
4 45 1963.899 42.6934565217
4 46 2007.889 42.7210425532
4 47 2050.429 42.7172708333
4 48 2092.466 42.7033877551
4 49 2134.66 42.6932
4 50 2179.945 42.7440196078
4 51 2223.173 42.7533269231
4 52 2265.817 42.7512641509
4 53 2306.072 42.705037037
4 54 2348.657 42.7028545455
4 55 2394.817 42.7645892857
4 56 2434.584 42.712
4 57 2476.937 42.7058103448
4 58 2523.692 42.774440678
4 59 2562.494 42.7082333333
4 60 2605.726 42.7168196721
4 61 2649.041 42.7264677419
4 62 2690.95 42.7134920635
4 63 2733.833 42.716140625
4 64 2776.089 42.7090615385
4 65 2817.427 42.6882878788
4 66 2861.085 42.702761194
4 67 2903.264 42.6950588235
4 68 2948.4 42.7304347826
4 69 2991.351 42.7335857143
4 70 3041.02 42.8312676056
4 71 3078.413 42.7557361111
4 72 3120.97 42.7530136986
4 73 3175.243 42.9086891892
4 74 3207.755 42.7700666667
4 75 3253.238 42.8057631579
4 76 3295.346 42.7967012987
4 77 3333.601 42.738474359
4 78 3373.089 42.6973291139
4 79 3422.133 42.7766625
4 80 3464.17 42.7675308642
4 81 3506.299 42.7597439024
4 82 3548.412 42.7519518072
4 83 3591.881 42.7604880952
4 84 3632.503 42.7353294118
4 85 3677.561 42.7623372093
4 86 3718.082 42.7365747126
4 87 3761.311 42.7421704545
4 88 3807.598 42.782
4 89 3846.482 42.7386888889
4 90 3891.827 42.7673296703
4 91 3933.39 42.7542391304
4 92 3977.594 42.769827957
4 93 4020.373 42.7699255319
4 94 4074.967 42.8943894737
4 95 4103.817 42.74809375
4 96 4147.359 42.7562783505
4 97 4190.379 42.7589693878
4 98 4232.993 42.7575050505
4 99 4275.88 42.7588
5 0 42.643 42.643
5 1 85.3870000001 42.6935
5 2 128.113 42.7043333333
5 3 170.28 42.57
5 4 213.446 42.6892
5 5 255.76 42.6266666667
5 6 299.106 42.7294285714
5 7 341.244 42.6555
5 8 385.004 42.7782222222
5 9 427.285 42.7285
5 10 469.022 42.6383636364
5 11 512.294 42.6911666667
5 12 554.827 42.679
5 13 597.401 42.6715
5 14 640.12 42.6746666667
5 15 685.573 42.8483125
5 16 725.516 42.6774117647
5 17 768.192 42.6773333333
5 18 812.122 42.7432631579
5 19 855.127 42.75635
5 20 896.821 42.7057619048
5 21 940.562 42.7528181818
5 22 982.409 42.7134347826
5 23 1025.049 42.710375
5 24 1066.866 42.67464
5 25 1109.688 42.6803076923
5 26 1153.613 42.7264074074
5 27 1196.666 42.7380714286
5 28 1237.871 42.6852068966
5 29 1282.256 42.7418666667
5 30 1325.611 42.7616451613
5 31 1366.555 42.70484375
5 32 1410.024 42.728
5 33 1451.695 42.6969117647
5 34 1495.877 42.7393428571
5 35 1537.562 42.7100555556
5 36 1580.116 42.7058378378
5 37 1621.731 42.6771315789
5 38 1668.608 42.7848205128
5 39 1707.681 42.692025
5 40 1750.345 42.6913414634
5 41 1794.577 42.7280238095
5 42 1837.802 42.7395813953
5 43 1878.438 42.6917727273
5 44 1922.455 42.7212222222
5 45 1964.295 42.7020652174
5 46 2008.999 42.7446595745
5 47 2052.431 42.7589791667
5 48 2093.362 42.7216734694
5 49 2136.099 42.72198
5 50 2178.148 42.7087843137
5 51 2221.869 42.72825
5 52 2264.181 42.7203962264
5 53 2308.247 42.7453148148
5 54 2350.654 42.7391636364
5 55 2391.114 42.6984642857
5 56 2438.918 42.7880350877
5 57 2478.761 42.7372586207
5 58 2522.201 42.7491694915
5 59 2564.216 42.7369333333
5 60 2604.267 42.6929016393
5 61 2648.406 42.7162258065
5 62 2689.997 42.6983650794
5 63 2734.5 42.7265625
5 64 2780.06 42.7701538462
5 65 2818.713 42.7077727273
5 66 2862.699 42.7268507463
5 67 2905.938 42.7343823529
5 68 2946.637 42.704884058
5 69 2992.418 42.7488285714
5 70 3041.869 42.8432253521
5 71 3075.952 42.7215555556
5 72 3122.26 42.7706849315
5 73 3160.909 42.7149864865
5 74 3204.264 42.72352
5 75 3245.274 42.7009736842
5 76 3301.092 42.8713246753
5 77 3339.79 42.8178205128
5 78 3373.602 42.7038227848
5 79 3421.585 42.7698125
5 80 3463.002 42.7531111111
5 81 3511.351 42.8213536585
5 82 3551.449 42.7885421687
5 83 3594.003 42.78575
5 84 3631.302 42.7212
5 85 3676.796 42.7534418605
5 86 3718.211 42.7380574713
5 87 3763.976 42.7724545455
5 88 3810.204 42.8112808989
5 89 3847.379 42.7486555556
5 90 3888.51 42.7308791209
5 91 3934.534 42.766673913
5 92 3979.096 42.7859784946
5 93 4020.728 42.7737021277
5 94 4059.599 42.7326210526
5 95 4104.277 42.7528854167
5 96 4148.523 42.7682783505
5 97 4193.062 42.7863469388
5 98 4232.231 42.7498080808
5 99 4273.751 42.73751
6 0 42.6440000001 42.6440000001
6 1 85.3830000001 42.6915
6 2 128.045 42.6816666666
6 3 170.252 42.563
6 4 213.835 42.767
6 5 255.952 42.6586666667
6 6 299.388 42.7697142857
6 7 341.416 42.677
6 8 384.275 42.6972222222
6 9 427.162 42.7162
6 10 469.367 42.6697272727
6 11 512.636 42.7196666667
6 12 555.556 42.7350769231
6 13 597.643 42.6887857143
6 14 640.248 42.6832
6 15 684.547 42.7841875
6 16 728.008 42.824
6 17 769.052 42.7251111111
6 18 811.634 42.7175789474
6 19 854.115 42.70575
6 20 897.801 42.7524285714
6 21 940.571 42.7532272727
6 22 982.294 42.7084347826
6 23 1025.708 42.7378333333
6 24 1066.582 42.66328
6 25 1110.962 42.7293076923
6 26 1154.03 42.7418518518
6 27 1195.95 42.7125
6 28 1238.03 42.6906896552
6 29 1280.71 42.6903333333
6 30 1325.234 42.749483871
6 31 1366.759 42.71121875
6 32 1410.829 42.7523939394
6 33 1451.076 42.6787058824
6 34 1494.638 42.7039428571
6 35 1537.929 42.72025
6 36 1581.221 42.7357027027
6 37 1624.398 42.7473157895
6 38 1665.033 42.6931538462
6 39 1706.654 42.66635
6 40 1751.098 42.7097073171
6 41 1793.819 42.7099761905
6 42 1836.098 42.6999534884
6 43 1878.113 42.6843863636
6 44 1922.186 42.7152444444
6 45 1964.717 42.7112391304
6 46 2007.233 42.7070851064
6 47 2050.217 42.7128541667
6 48 2093.51 42.7246938776
6 49 2133.985 42.6797
6 50 2177.511 42.6962941176
6 51 2221.874 42.7283461538
6 52 2266.973 42.7730754717
6 53 2312.05 42.8157407407
6 54 2347.851 42.6882
6 55 2394.193 42.7534464286
6 56 2434.521 42.7108947368
6 57 2478.742 42.7369310345
6 58 2522.117 42.7477457627
6 59 2564.75 42.7458333333
6 60 2606.541 42.7301803279
6 61 2648.557 42.7186612903
6 62 2693.166 42.7486666667
6 63 2733.941 42.717828125
6 64 2777.273 42.7272769231
6 65 2817.812 42.6941212121
6 66 2861.292 42.7058507463
6 67 2904.921 42.7194264706
6 68 2947.999 42.7246231884
6 69 2995.203 42.7886142857
6 70 3034.832 42.7441126761
6 71 3079.404 42.7695
6 72 3124.609 42.8028630137
6 73 3165.834 42.7815405405
6 74 3207.742 42.7698933333
6 75 3247.303 42.7276710526
6 76 3290.061 42.7280649351
6 77 3337.416 42.7873846154
6 78 3378.171 42.7616582278
6 79 3423.07 42.788375
6 80 3472.414 42.869308642
6 81 3507.421 42.7734268293
6 82 3548.448 42.7523855422
6 83 3595.092 42.7987142857
6 84 3637.923 42.7990941176
6 85 3681.692 42.810372093
6 86 3719.946 42.758
6 87 3762.468 42.7553181818
6 88 3807.169 42.7771797753
6 89 3847.901 42.7544555556
6 90 3894.686 42.7987472527
6 91 3938.006 42.8044130435
6 92 3976.046 42.7531827957
6 93 4019.951 42.7654361702
6 94 4063.834 42.7772
6 95 4106.031 42.77115625
6 96 4148.754 42.7706597938
6 97 4189.154 42.7464693878
6 98 4231.57 42.7431313131
6 99 4284.762 42.84762
7 0 42.678 42.678
7 1 85.468 42.734
7 2 128.038 42.6793333334
7 3 170.236 42.559
7 4 213.388 42.6776
7 5 255.938 42.6563333333
7 6 299.516 42.788
7 7 341.559 42.694875
7 8 384.09 42.6766666667
7 9 427.472 42.7472
7 10 469.396 42.6723636364
7 11 513.027 42.75225
7 12 555.527 42.7328461538
7 13 597.758 42.697
7 14 640.44 42.696
7 15 683.662 42.728875
7 16 726.92 42.76
7 17 769.105 42.7280555556
7 18 812.353 42.7554210526
7 19 854.264 42.7132
7 20 898.693 42.7949047619
7 21 940.709 42.7595
7 22 983.59 42.7647826087
7 23 1024.775 42.6989583333
7 24 1066.589 42.66356
7 25 1110.822 42.7239230769
7 26 1153.038 42.7051111111
7 27 1195.475 42.6955357143
7 28 1239.054 42.726
7 29 1281.931 42.7310333333
7 30 1322.884 42.6736774194
7 31 1366.519 42.70371875
7 32 1408.654 42.6864848485
7 33 1452.531 42.7215
7 34 1494.941 42.7126
7 35 1538.786 42.7440555556
7 36 1580.399 42.7134864865
7 37 1622.057 42.6857105263
7 38 1667.13 42.7469230769
7 39 1708.36 42.709
7 40 1749.479 42.6702195122
7 41 1792.663 42.682452381
7 42 1837.111 42.7235116279
7 43 1878.638 42.6963181818
7 44 1921.761 42.7058
7 45 1964.102 42.6978695652
7 46 2008.206 42.727787234
7 47 2049.368 42.6951666667
7 48 2092.228 42.6985306122
7 49 2136.028 42.72056
7 50 2180.599 42.7568431373
7 51 2224.646 42.7816538462
7 52 2266.353 42.7613773585
7 53 2306.125 42.7060185185
7 54 2350.381 42.7342
7 55 2392.155 42.7170535714
7 56 2434.412 42.7089824561
7 57 2490.222 42.934862069
7 58 2522.291 42.7506949153
7 59 2565.962 42.7660333333
7 60 2608.418 42.7609508197
7 61 2651.321 42.7632419355
7 62 2689.337 42.6878888889
7 63 2734.443 42.725671875
7 64 2776.746 42.7191692308
7 65 2819.007 42.7122272727
7 66 2861.519 42.709238806
7 67 2906.883 42.7482794118
7 68 2947.544 42.7180289855
7 69 2994.081 42.7725857143
7 70 3037.001 42.7746619718
7 71 3076.095 42.7235416667
7 72 3121.124 42.7551232877
7 73 3160.104 42.7041081081
7 74 3206.704 42.7560533333
7 75 3249.045 42.7505921053
7 76 3288.694 42.7103116883
7 77 3332.26 42.7212820513
7 78 3377.412 42.7520506329
7 79 3423.998 42.799975
7 80 3464.915 42.7767283951
7 81 3511.172 42.8191707317
7 82 3556.816 42.8532048193
7 83 3595.688 42.8058095238
7 84 3631.593 42.7246235294
7 85 3674.255 42.7238953488
7 86 3720.3 42.7620689655
7 87 3759.998 42.72725
7 88 3809.87 42.8075280899
7 89 3847.089 42.7454333333
7 90 3891.437 42.763043956
7 91 3932.968 42.7496521739
7 92 3973.996 42.7311397849
7 93 4020.693 42.7733297872
7 94 4059.692 42.7336
7 95 4104.225 42.75234375
7 96 4147.658 42.7593608247
7 97 4191.924 42.7747346939
7 98 4236.657 42.7945151515
7 99 4277.056 42.77056
8 0 42.7119999999 42.7119999999
8 1 85.382 42.691
8 2 127.965 42.655
8 3 170.283 42.57075
8 4 213.262 42.6524
8 5 255.969 42.6615
8 6 299.436 42.7765714286
8 7 341.447 42.680875
8 8 384.285 42.6983333333
8 9 426.804 42.6804
8 10 469.47 42.6790909091
8 11 513.211 42.7675833333
8 12 554.949 42.6883846154
8 13 597.59 42.685
8 14 640.316 42.6877333333
8 15 684.806 42.800375
8 16 727.561 42.7977058823
8 17 769.442 42.7467777778
8 18 816.129 42.9541578947
8 19 856.397 42.81985
8 20 896.687 42.6993809524
8 21 940.495 42.7497727273
8 22 983.07 42.742173913
8 23 1026.451 42.7687916667
8 24 1067.384 42.69536
8 25 1111.181 42.7377307692
8 26 1153.454 42.7205185185
8 27 1197.353 42.7626071428
8 28 1237.938 42.6875172414
8 29 1280.985 42.6995
8 30 1325.668 42.763483871
8 31 1365.567 42.67396875
8 32 1409.276 42.7053333333
8 33 1452.809 42.7296764706
8 34 1494.581 42.7023142857
8 35 1539.314 42.7587222222
8 36 1580.503 42.7162972973
8 37 1624.386 42.747
8 38 1665.978 42.7173846154
8 39 1708.369 42.709225
8 40 1750.659 42.699
8 41 1793.117 42.6932619048
8 42 1836.95 42.7197674419
8 43 1878.651 42.6966136364
8 44 1924.223 42.7605111111
8 45 1963.886 42.693173913
8 46 2006.576 42.693106383
8 47 2048.495 42.6769791667
8 48 2092.211 42.6981836735
8 49 2135.134 42.70268
8 50 2177.843 42.7028039216
8 51 2223.27 42.7551923077
8 52 2265.268 42.7409056604
8 53 2310.372 42.7846666667
8 54 2351.301 42.7509272727
8 55 2391.496 42.7052857143
8 56 2436.264 42.7414736842
8 57 2478.332 42.729862069
8 58 2521.946 42.7448474576
8 59 2562.949 42.7158166667
8 60 2611.593 42.813
8 61 2653.804 42.8032903226
8 62 2692.354 42.7357777778
8 63 2734.06 42.7196875
8 64 2779.103 42.7554307692
8 65 2817.265 42.6858333333
8 66 2861.557 42.7098059701
8 67 2905.754 42.7316764706
8 68 2951.019 42.7683913043
8 69 2991.79 42.7398571429
8 70 3033.665 42.7276760563
8 71 3080.105 42.7792361111
8 72 3124.479 42.8010821918
8 73 3162.858 42.7413243243
8 74 3211.173 42.81564
8 75 3247.519 42.7305131579
8 76 3296.933 42.8173116883
8 77 3341.354 42.8378717949
8 78 3373.495 42.7024683544
8 79 3415.729 42.6966125
8 80 3465.676 42.7861234568
8 81 3507.788 42.777902439
8 82 3549.239 42.7619156627
8 83 3591.93 42.7610714286
8 84 3633.683 42.7492117647
8 85 3689.03 42.8956976744
8 86 3719.836 42.7567356322
8 87 3761.978 42.74975
8 88 3806.358 42.7680674157
8 89 3850.263 42.7807
8 90 3888.952 42.7357362637
8 91 3935.45 42.7766304348
8 92 3977.164 42.7652043011
8 93 4018.099 42.7457340426
8 94 4060.192 42.7388631579
8 95 4104.6 42.75625
8 96 4149.804 42.7814845361
8 97 4187.908 42.733755102
8 98 4232.8 42.7555555556
8 99 4276.513 42.76513
9 0 42.6699999998 42.6699999998
9 1 85.5409999999 42.7705
9 2 128.012 42.6706666667
9 3 170.409 42.60225
9 4 213.445 42.6890000001
9 5 255.783 42.6305
9 6 299.176 42.7394285714
9 7 341.212 42.6515
9 8 384.996 42.7773333333
9 9 427.189 42.7189
9 10 469.327 42.6660909091
9 11 513.084 42.757
9 12 555.845 42.7573076923
9 13 597.331 42.6665
9 14 640.834 42.7222666667
9 15 684.354 42.772125
9 16 727.824 42.8131764706
9 17 769.759 42.7643888889
9 18 813.321 42.8063684211
9 19 854.205 42.71025
9 20 897.927 42.7584285714
9 21 940.664 42.7574545455
9 22 981.37 42.6682608696
9 23 1024.279 42.6782916667
9 24 1067.386 42.69544
9 25 1110.929 42.7280384615
9 26 1151.953 42.6649259259
9 27 1197.067 42.7523928571
9 28 1240.318 42.7695862069
9 29 1281.017 42.7005666667
9 30 1323.355 42.6888709677
9 31 1366.675 42.70859375
9 32 1408.815 42.6913636364
9 33 1451.321 42.6859117647
9 34 1493.583 42.6738
9 35 1537.61 42.7113888889
9 36 1579.792 42.6970810811
9 37 1621.84 42.68
9 38 1667.011 42.7438717949
9 39 1708.102 42.70255
9 40 1751.639 42.722902439
9 41 1794.436 42.7246666667
9 42 1835.523 42.6865813954
9 43 1877.952 42.6807272727
9 44 1922.099 42.7133111111
9 45 1963.05 42.675
9 46 2007.117 42.7046170213
9 47 2049.172 42.6910833333
9 48 2091.776 42.6893061225
9 49 2135.7 42.714
9 50 2178.239 42.7105686275
9 51 2223.203 42.7539038462
9 52 2265.998 42.7546792453
9 53 2307.155 42.7250925926
9 54 2350.77 42.7412727273
9 55 2391.223 42.7004107143
9 56 2436.157 42.7395964912
9 57 2480.159 42.761362069
9 58 2521.786 42.7421355932
9 59 2564.444 42.7407333333
9 60 2608.694 42.7654754098
9 61 2647.294 42.6982903226
9 62 2691.175 42.7170634921
9 63 2732.997 42.703078125
9 64 2777.397 42.7291846154
9 65 2824.323 42.7927727273
9 66 2861.498 42.7089253731
9 67 2906.284 42.7394705882
9 68 2951.74 42.7788405797
9 69 2990.165 42.7166428571
9 70 3035.765 42.7572535211
9 71 3078.354 42.7549166667
9 72 3124.453 42.8007260274
9 73 3161.799 42.7270135135
9 74 3212.033 42.8271066667
9 75 3245.173 42.6996447368
9 76 3291.275 42.7438311688
9 77 3336.653 42.7776025641
9 78 3380.4 42.7898734177
9 79 3422.726 42.784075
9 80 3463.197 42.7555185185
9 81 3508.123 42.7819878049
9 82 3550.751 42.7801325301
9 83 3588.178 42.7164047619
9 84 3634.482 42.7586117647
9 85 3676.574 42.7508604651
9 86 3715.861 42.711045977
9 87 3760.198 42.7295227273
9 88 3806.844 42.7735280899
9 89 3852.039 42.8004333333
9 90 3888.52 42.730989011
9 91 3932.711 42.7468586957
9 92 3973.934 42.7304731183
9 93 4019.914 42.7650425532
9 94 4059.764 42.7343578947
9 95 4102.972 42.7392916667
9 96 4146.863 42.7511649485
9 97 4187.937 42.7340510204
9 98 4237.307 42.8010808081
9 99 4273.759 42.73759
