0 0 60.116 60.116
0 1 61.252 30.626
0 2 63.843 21.281
0 3 65.836 16.459
0 4 68.082 13.6164
0 5 70.552 11.7586666667
0 6 73.468 10.4954285714
0 7 75.734 9.46675
0 8 77.536 8.61511111111
0 9 79.481 7.9481
0 10 81.809 7.43718181818
0 11 84.305 7.02541666667
0 12 86.595 6.66115384615
0 13 88.926 6.35185714286
0 14 90.872 6.05813333333
0 15 93.257 5.8285625
0 16 95.472 5.616
0 17 97.645 5.42472222222
0 18 99.933 5.25963157895
0 19 102.248 5.1124
0 20 104.332 4.96819047619
0 21 106.654 4.84790909091
0 22 109.181 4.747
0 23 111.431 4.64295833333
0 24 113.64 4.5456
0 25 115.97 4.46038461538
0 26 118.339 4.38292592593
0 27 120.287 4.29596428571
0 28 123.011 4.24175862069
0 29 125.059 4.16863333333
0 30 127.294 4.10625806452
0 31 129.597 4.04990625
0 32 131.919 3.99754545455
0 33 134.223 3.94773529412
0 34 136.544 3.90125714286
0 35 138.831 3.85641666667
0 36 141.221 3.81678378378
0 37 143.166 3.76752631579
0 38 145.681 3.73541025641
0 39 147.688 3.6922
0 40 149.9 3.65609756098
0 41 152.166 3.623
0 42 154.437 3.59155813953
0 43 156.725 3.56193181818
0 44 159.019 3.53375555556
0 45 161.244 3.50530434783
0 46 163.671 3.48236170213
0 47 165.979 3.45789583333
0 48 168.335 3.43540816327
0 49 170.391 3.40782
0 50 172.479 3.38194117647
0 51 175.031 3.36598076923
0 52 177.624 3.35139622642
0 53 179.396 3.32214814815
0 54 181.965 3.30845454545
0 55 183.826 3.28260714286
0 56 186.181 3.26633333333
0 57 188.832 3.25572413793
0 58 190.738 3.23284745763
0 59 193.142 3.21903333333
0 60 195.138 3.19898360656
0 61 197.407 3.18398387097
0 62 200.371 3.18049206349
0 63 201.674 3.15115625
0 64 204.835 3.15130769231
0 65 206.582 3.13003030303
0 66 208.685 3.11470149254
0 67 211.167 3.10539705882
0 68 213.585 3.09543478261
0 69 215.737 3.08195714286
0 70 217.829 3.06801408451
0 71 220.16 3.05777777778
0 72 222.407 3.04667123288
0 73 224.558 3.03456756757
0 74 227.307 3.03076
0 75 229.229 3.01617105263
0 76 231.94 3.01220779221
0 77 234.235 3.00301282051
0 78 236.278 2.99086075949
0 79 238.767 2.9845875
0 80 240.586 2.97019753086
0 81 243.298 2.96704878049
0 82 245.452 2.95725301205
0 83 247.299 2.94403571429
0 84 250.069 2.94198823529
0 85 252.673 2.93805813953
0 86 254.517 2.92548275862
0 87 256.729 2.917375
0 88 258.593 2.90553932584
0 89 260.793 2.8977
0 90 263.26 2.89296703297
0 91 266.399 2.89564130435
0 92 267.499 2.87633333333
0 93 270.373 2.87630851064
0 94 272.549 2.86893684211
0 95 274.553 2.85992708333
0 96 277.063 2.85631958763
0 97 279.079 2.84774489796
0 98 281.564 2.84408080808
0 99 283.829 2.83829
1 0 59.718 59.718
1 1 61.993 30.9965
1 2 64.352 21.4506666667
1 3 66.082 16.5205
1 4 68.682 13.7364
1 5 70.297 11.7161666667
1 6 72.798 10.3997142857
1 7 75.295 9.411875
1 8 77.366 8.59622222222
1 9 79.572 7.9572
1 10 81.782 7.43472727273
1 11 84.277 7.02308333333
1 12 86.358 6.64292307692
1 13 88.721 6.33721428571
1 14 90.953 6.06353333333
1 15 93.001 5.8125625
1 16 95.165 5.59794117647
1 17 97.711 5.42838888889
1 18 100.038 5.26515789474
1 19 102.358 5.1179
1 20 104.475 4.975
1 21 106.741 4.85186363636
1 22 109.22 4.74869565217
1 23 111.59 4.64958333333
1 24 113.843 4.55372
1 25 115.885 4.45711538462
1 26 118.5 4.38888888889
1 27 120.434 4.30121428571
1 28 122.916 4.23848275862
1 29 125.165 4.17216666667
1 30 127.149 4.10158064516
1 31 129.457 4.04553125
1 32 131.888 3.99660606061
1 33 134.173 3.94626470588
1 34 136.445 3.89842857143
1 35 138.908 3.85855555556
1 36 141.167 3.81532432432
1 37 143.281 3.77055263158
1 38 145.213 3.72341025641
1 39 147.613 3.690325
1 40 149.968 3.65775609756
1 41 152.138 3.62233333333
1 42 154.318 3.58879069767
1 43 156.523 3.55734090909
1 44 158.824 3.52942222222
1 45 161.071 3.50154347826
1 46 163.669 3.48231914894
1 47 165.853 3.45527083333
1 48 168.012 3.42881632653
1 49 170.055 3.4011
1 50 172.621 3.3847254902
1 51 174.807 3.36167307692
1 52 177.413 3.34741509434
1 53 179.428 3.32274074074
1 54 181.69 3.30345454545
1 55 183.926 3.28439285714
1 56 186.398 3.27014035088
1 57 188.735 3.25405172414
1 58 190.856 3.23484745763
1 59 193.429 3.22381666667
1 60 194.993 3.19660655738
1 61 197.928 3.19238709677
1 62 199.945 3.17373015873
1 63 202.325 3.161328125
1 64 204.515 3.14638461538
1 65 206.643 3.13095454545
1 66 209.426 3.12576119403
1 67 211.248 3.10658823529
1 68 213.45 3.09347826087
1 69 215.583 3.07975714286
1 70 218.03 3.07084507042
1 71 220.092 3.05683333333
1 72 222.611 3.04946575342
1 73 224.594 3.03505405405
1 74 227.025 3.027
1 75 229.411 3.01856578947
1 76 231.571 3.00741558442
1 77 233.729 2.99652564103
1 78 236.181 2.98963291139
1 79 238.529 2.9816125
1 80 240.556 2.96982716049
1 81 242.979 2.96315853659
1 82 245.051 2.95242168675
1 83 247.467 2.94603571429
1 84 249.825 2.93911764706
1 85 252.063 2.93096511628
1 86 254.378 2.92388505747
1 87 256.705 2.91710227273
1 88 258.813 2.90801123596
1 89 260.93 2.89922222222
1 90 263.459 2.89515384615
1 91 265.703 2.88807608696
1 92 267.804 2.87961290323
1 93 270.627 2.8790106383
1 94 272.621 2.86969473684
1 95 275.084 2.86545833333
1 96 277.133 2.85704123711
1 97 278.949 2.84641836735
1 98 282.032 2.84880808081
1 99 283.813 2.83813
2 0 59.507 59.507
2 1 62.295 31.1475
2 2 64.439 21.4796666667
2 3 66.191 16.54775
2 4 68.355 13.671
2 5 70.768 11.7946666667
2 6 72.994 10.4277142857
2 7 75.005 9.375625
2 8 77.472 8.608
2 9 79.842 7.9842
2 10 82.27 7.47909090909
2 11 84.104 7.00866666667
2 12 86.36 6.64307692308
2 13 88.697 6.3355
2 14 90.735 6.049
2 15 92.803 5.8001875
2 16 95.058 5.59164705882
2 17 97.714 5.42855555556
2 18 99.91 5.25842105263
2 19 102.159 5.10795
2 20 104.678 4.98466666667
2 21 106.792 4.85418181818
2 22 109.065 4.74195652174
2 23 111.444 4.6435
2 24 113.708 4.54832
2 25 115.868 4.45646153846
2 26 118.168 4.37659259259
2 27 120.573 4.30617857143
2 28 122.493 4.22389655172
2 29 125.06 4.16866666667
2 30 127.614 4.11658064516
2 31 129.75 4.0546875
2 32 132.072 4.00218181818
2 33 133.894 3.93805882353
2 34 136.667 3.90477142857
2 35 138.538 3.84827777778
2 36 140.674 3.802
2 37 143.07 3.765
2 38 145.599 3.73330769231
2 39 147.456 3.6864
2 40 150.033 3.65934146341
2 41 152.069 3.62069047619
2 42 154.23 3.58674418605
2 43 156.857 3.56493181818
2 44 159.076 3.53502222222
2 45 161.03 3.50065217391
2 46 163.625 3.48138297872
2 47 166.064 3.45966666667
2 48 167.501 3.4183877551
2 49 170.163 3.40326
2 50 172.303 3.37849019608
2 51 174.98 3.365
2 52 177.222 3.34381132075
2 53 179.707 3.32790740741
2 54 181.668 3.30305454545
2 55 184.164 3.28864285714
2 56 186.445 3.27096491228
2 57 188.444 3.24903448276
2 58 190.523 3.22920338983
2 59 193.017 3.21695
2 60 195.296 3.20157377049
2 61 197.436 3.1844516129
2 62 199.641 3.1689047619
2 63 202.063 3.157234375
2 64 204.84 3.15138461538
2 65 206.62 3.13060606061
2 66 209.223 3.12273134328
2 67 211.794 3.11461764706
2 68 213.362 3.09220289855
2 69 215.911 3.08444285714
2 70 218.034 3.07090140845
2 71 220.192 3.05822222222
2 72 222.265 3.0447260274
2 73 224.794 3.03775675676
2 74 226.517 3.02022666667
2 75 229.062 3.01397368421
2 76 231.801 3.0104025974
2 77 234.035 3.00044871795
2 78 236.401 2.99241772152
2 79 238.349 2.9793625
2 80 240.904 2.97412345679
2 81 242.834 2.9613902439
2 82 244.942 2.95110843373
2 83 247.41 2.94535714286
2 84 249.587 2.93631764706
2 85 251.996 2.93018604651
2 86 254.209 2.92194252874
2 87 257.012 2.92059090909
2 88 258.185 2.90095505618
2 89 261.172 2.90191111111
2 90 263.291 2.89330769231
2 91 265.671 2.88772826087
2 92 267.549 2.87687096774
2 93 269.656 2.86868085106
2 94 272.016 2.86332631579
2 95 274.172 2.85595833333
2 96 276.977 2.85543298969
2 97 279.524 2.85228571429
2 98 281.483 2.84326262626
2 99 283.676 2.83676
3 0 59.809 59.809
3 1 61.969 30.9845
3 2 64.345 21.4483333333
3 3 66.302 16.5755
3 4 68.484 13.6968
3 5 70.537 11.7561666667
3 6 72.856 10.408
3 7 74.931 9.366375
3 8 77.267 8.58522222222
3 9 79.703 7.9703
3 10 81.826 7.43872727273
3 11 84.084 7.007
3 12 86.35 6.64230769231
3 13 88.616 6.32971428571
3 14 90.919 6.06126666667
3 15 93.129 5.8205625
3 16 95.356 5.60917647059
3 17 97.603 5.42238888889
3 18 99.931 5.25952631579
3 19 102.203 5.11015
3 20 104.403 4.97157142857
3 21 106.794 4.85427272727
3 22 109.117 4.7442173913
3 23 111.501 4.645875
3 24 113.838 4.55352
3 25 116.036 4.46292307692
3 26 118.042 4.37192592593
3 27 120.593 4.30689285714
3 28 122.717 4.23162068966
3 29 125.004 4.1668
3 30 127.45 4.11129032258
3 31 130.194 4.0685625
3 32 131.75 3.99242424242
3 33 133.947 3.93961764706
3 34 136.573 3.90208571429
3 35 138.671 3.85197222222
3 36 140.517 3.79775675676
3 37 143.012 3.76347368421
3 38 145.31 3.7258974359
3 39 147.492 3.6873
3 40 149.686 3.65087804878
3 41 152.046 3.62014285714
3 42 154.643 3.59634883721
3 43 156.856 3.56490909091
3 44 159.072 3.53493333333
3 45 161.127 3.50276086957
3 46 163.533 3.47942553191
3 47 165.502 3.44795833333
3 48 168.041 3.42940816327
3 49 170.213 3.40426
3 50 172.577 3.3838627451
3 51 174.978 3.36496153846
3 52 177.072 3.34098113208
3 53 179.603 3.32598148148
3 54 181.866 3.30665454545
3 55 183.911 3.284125
3 56 186.355 3.26938596491
3 57 188.672 3.25296551724
3 58 190.973 3.23683050847
3 59 192.916 3.21526666667
3 60 195.552 3.2057704918
3 61 197.343 3.1829516129
3 62 199.823 3.17179365079
3 63 202.598 3.16559375
3 64 204.033 3.13896923077
3 65 206.733 3.13231818182
3 66 208.645 3.11410447761
3 67 210.945 3.10213235294
3 68 213.313 3.09149275362
3 69 215.798 3.08282857143
3 70 218.041 3.071
3 71 220.489 3.06234722222
3 72 222.662 3.05016438356
3 73 224.67 3.03608108108
3 74 227.014 3.02685333333
3 75 229.276 3.01678947368
3 76 231.877 3.01138961039
3 77 233.684 2.99594871795
3 78 235.677 2.98325316456
3 79 238.271 2.9783875
3 80 240.372 2.96755555556
3 81 243.348 2.96765853659
3 82 244.899 2.95059036145
3 83 247.162 2.9424047619
3 84 249.796 2.93877647059
3 85 252.289 2.93359302326
3 86 254.727 2.92789655172
3 87 256.576 2.91563636364
3 88 258.887 2.90884269663
3 89 260.888 2.89875555556
3 90 263.216 2.89248351648
3 91 265.979 2.89107608696
3 92 268.007 2.88179569892
3 93 270.276 2.87527659574
3 94 272.571 2.86916842105
3 95 274.801 2.86251041667
3 96 277.177 2.85749484536
3 97 279.456 2.85159183673
3 98 281.498 2.84341414141
3 99 284.025 2.84025
4 0 59.619 59.619
4 1 61.904 30.952
4 2 64.186 21.3953333333
4 3 66.208 16.552
4 4 68.202 13.6404
4 5 70.944 11.824
4 6 73.27 10.4671428571
4 7 75.354 9.41925
4 8 77.421 8.60233333333
4 9 79.551 7.9551
4 10 82.038 7.458
4 11 84.367 7.03058333333
4 12 86.456 6.65046153846
4 13 88.707 6.33621428571
4 14 91.014 6.0676
4 15 93.122 5.820125
4 16 95.427 5.61335294118
4 17 97.408 5.41155555556
4 18 99.946 5.26031578947
4 19 102.545 5.12725
4 20 104.789 4.98995238095
4 21 106.813 4.85513636364
4 22 109.037 4.74073913043
4 23 111.532 4.64716666667
4 24 113.613 4.54452
4 25 115.899 4.45765384615
4 26 118.196 4.37762962963
4 27 120.158 4.29135714286
4 28 122.937 4.23920689655
4 29 124.915 4.16383333333
4 30 127.481 4.11229032258
4 31 129.6 4.05
4 32 131.961 3.99881818182
4 33 134.176 3.94635294118
4 34 136.744 3.90697142857
4 35 138.658 3.85161111111
4 36 140.897 3.80802702703
4 37 143.488 3.776
4 38 145.717 3.73633333333
4 39 147.856 3.6964
4 40 149.902 3.65614634146
4 41 152.343 3.62721428571
4 42 154.599 3.5953255814
4 43 156.806 3.56377272727
4 44 159.732 3.5496
4 45 161.269 3.50584782609
4 46 163.679 3.48253191489
4 47 166.68 3.4725
4 48 168.254 3.43375510204
4 49 170.495 3.4099
4 50 172.707 3.38641176471
4 51 174.938 3.36419230769
4 52 177.363 3.34647169811
4 53 179.667 3.32716666667
4 54 181.826 3.30592727273
4 55 183.918 3.28425
4 56 186.32 3.26877192982
4 57 188.181 3.2445
4 58 190.52 3.22915254237
4 59 193.095 3.21825
4 60 195.377 3.20290163934
4 61 197.419 3.18417741935
4 62 199.848 3.17219047619
4 63 202.091 3.157671875
4 64 204.112 3.14018461538
4 65 206.671 3.13137878788
4 66 209.292 3.12376119403
4 67 211.695 3.11316176471
4 68 213.419 3.09302898551
4 69 215.823 3.08318571429
4 70 217.809 3.06773239437
4 71 220.103 3.05698611111
4 72 221.969 3.04067123288
4 73 224.876 3.03886486486
4 74 227.075 3.02766666667
4 75 229.592 3.02094736842
4 76 231.819 3.01063636364
4 77 233.773 2.99708974359
4 78 235.895 2.98601265823
4 79 238.074 2.975925
4 80 240.547 2.96971604938
4 81 242.779 2.9607195122
4 82 245.094 2.95293975904
4 83 247.099 2.9416547619
4 84 249.865 2.93958823529
4 85 252.265 2.93331395349
4 86 253.652 2.91554022989
4 87 256.293 2.91242045455
4 88 258.869 2.90864044944
4 89 260.694 2.8966
4 90 263.61 2.89681318681
4 91 265.61 2.88706521739
4 92 268.624 2.88843010753
4 93 269.508 2.86710638298
4 94 272.204 2.86530526316
4 95 274.784 2.86233333333
4 96 276.811 2.85372164948
4 97 279.09 2.84785714286
4 98 281.848 2.84694949495
4 99 283.723 2.83723
